blislab_baseline=[
%m	%n	%k	%MY_GFLOPS	%REF_GFLOPS
  240	   240	   240	 38.78	 209.32
  480	   480	   480	 48.05	 322.91
  720	   720	   720	 74.88	 364.88
  960	   960	   960	 117.61	 381.11
 1200	  1200	  1200	 147.50	 375.86
 1440	  1440	  1440	 178.96	 386.01
 1680	  1680	  1680	 199.83	 383.47
 1920	  1920	  1920	 213.32	 384.53
 2160	  2160	  2160	 212.98	 364.82
 2400	  2400	  2400	 223.58	 373.43
 2640	  2640	  2640	 242.37	 379.40
 2880	  2880	  2880	 259.03	 380.57
 3120	  3120	  3120	 283.00	 378.23
 3360	  3360	  3360	 304.30	 383.55
 3600	  3600	  3600	 331.52	 384.89
 3840	  3840	  3840	 348.14	 387.60
 4080	  4080	  4080	 379.29	 402.72
 4320	  4320	  4320	 251.46	 407.42
 4560	  4560	  4560	 225.88	 405.69
 4800	  4800	  4800	 239.07	 409.86
];
