blislab_optimized=[
%m	%n	%k	%MY_GFLOPS	%REF_GFLOPS
  240	   240	   240	 41.39	 137.56
  480	   480	   480	 69.99	 261.11
  720	   720	   720	 144.50	 360.47
  960	   960	   960	 217.62	 379.72
 1200	  1200	  1200	 289.26	 375.16
 1440	  1440	  1440	 346.62	 370.10
 1680	  1680	  1680	 394.08	 361.13
 1920	  1920	  1920	 473.23	 267.23
 2160	  2160	  2160	 511.78	 381.52
 2400	  2400	  2400	 360.47	 374.10
 2640	  2640	  2640	 341.01	 391.04
 2880	  2880	  2880	 365.50	 382.98
 3120	  3120	  3120	 390.73	 376.24
 3360	  3360	  3360	 392.94	 383.79
 3600	  3600	  3600	 442.68	 384.05
 3840	  3840	  3840	 485.15	 387.80
 4080	  4080	  4080	 516.02	 400.11
 4320	  4320	  4320	 539.30	 407.14
 4560	  4560	  4560	 566.01	 408.23
 4800	  4800	  4800	 414.32	 407.38
];
